
TONGS,20.89,4.4465,151
QUADS,25.75,4.6990,245
COLEY,20.90,4.5089,190
LEAFY,22.77,4.5466,201
HAITH,27.53,4.6635,225
FLOGS,26.32,4.5362,164
HAMZA,51.24,4.8047,249
DEATH,20.29,4.4803,167
SPOOT,27.67,4.5405,186
WHOWS,36.29,4.6955,215
MYOID,29.34,4.5448,165
NODAL,21.52,4.4612,169
DIOLS,18.48,4.4786,179
SAIDS,20.98,4.6379,214
BIALI,29.79,4.6527,218
BUFFE,43.03,4.7687,229
BLURT,25.58,4.4755,171
VIEWS,25.14,4.6215,213
GALES,16.35,4.4872,194
AIRER,19.18,4.6704,246
JESTS,28.29,4.7709,274
GAWCY,35.59,4.6245,178
MALUS,20.69,4.5414,178
SNOUT,20.68,4.4573,188
RYPER,30.48,4.7025,239
THROW,29.05,4.5353,186
LINGO,27.83,4.5310,188
ENVOI,30.59,4.6180,218
GAUDS,23.34,4.5344,181
COURS,20.38,4.4881,194
LIMAX,30.95,4.6392,210
MOOLA,29.82,4.6327,205
GINKS,28.38,4.5634,168
BARRA,39.70,4.8177,277
ORVAL,23.38,4.5760,221
ELOPS,19.09,4.4604,158
TROPE,19.28,4.4205,164
THORN,23.37,4.4392,181
SNEAP,18.05,4.4725,178
SPELL,25.73,4.5686,191
FLEER,29.05,4.6596,230
DAFFS,30.47,4.6942,204
LEVIS,20.16,4.5392,205
LYTED,23.33,4.5067,182
ICING,46.17,4.6786,199
CHAYA,38.64,4.7254,248
FAINE,20.12,4.5167,188
HWYLS,29.27,4.5513,195
OLEIC,20.04,4.4868,186
WRANG,26.95,4.5621,171
STUNS,28.09,4.6488,225
ROUEN,18.50,4.5388,222
EXIST,23.03,4.6115,226
SUMAC,22.63,4.5206,178
KITED,23.27,4.5474,180
FRANK,28.05,4.5652,190
GOBAN,27.73,4.5284,172
ARMET,17.37,4.4647,198
COGIE,21.69,4.5041,173
PAREV,21.89,4.5509,185
KOURA,22.61,4.6340,231
PILAU,23.11,4.5271,173
KOPHS,28.55,4.5370,156
USURE,22.72,4.7393,261
MATAI,27.88,4.6436,214
REDED,35.85,4.8090,270
CELTS,16.91,4.4214,170
PUPIL,37.28,4.6371,216
CAKES,18.00,4.5396,194
RUBEL,22.26,4.5258,184
KULAN,25.97,4.6033,205
DOOZY,53.80,4.8302,255
HAOLE,16.97,4.4755,189
ARVOS,18.79,4.5890,207
YELMS,19.99,4.5314,182
MUGGY,58.57,4.7592,218
ALGAE,24.96,4.6258,230
VINAS,21.21,4.5938,205
TONDI,24.16,4.4933,163
DOPAS,19.65,4.4366,140
PAUSE,17.46,4.4660,177
SOLDO,25.55,4.6297,224
BEGAT,22.48,4.5084,161
FRATE,19.19,4.4716,194
ROUTS,17.99,4.5024,197
BONZE,29.07,4.6492,203
COOFS,32.87,4.6631,196
KESAR,17.07,4.5699,211
SPULE,19.65,4.4409,172
RASSE,17.08,4.6353,230
HYING,35.16,4.5652,183
SCUFT,29.10,4.4786,175
VINOS,23.10,4.5803,203
HIEMS,20.59,4.4859,178
THILL,32.78,4.5964,209
SWADS,29.02,4.6834,226
HYLEG,26.94,4.5587,196
BOLAR,20.39,4.5002,183
EARTH,18.13,4.4994,199
AHEAP,28.37,4.6323,211
SEBUM,23.34,4.5474,180
SPAGS,28.51,4.6249,213
TABOO,28.27,4.6579,217
NONCE,26.16,4.6362,226
SANSA,28.18,4.7670,269
AUGUR,31.51,4.7380,265
DAGOS,19.84,4.4768,170
FIELD,26.48,4.4981,168
STURT,25.40,4.6124,240
ALTAR,22.42,4.6319,232
FLOUT,28.42,4.5184,184
DOWRY,31.14,4.5691,196
MOTUS,22.07,4.5175,181
BARDE,19.73,4.4959,173
DONAH,23.86,4.4881,174
SEWIN,19.84,4.5171,190
GADJO,33.32,4.6644,213
ENORM,21.09,4.5032,190
WHAMS,26.58,4.5574,181
URBAN,23.69,4.5725,207
CABOC,32.63,4.6566,197
CHOGS,26.58,4.5045,153
CREPS,19.00,4.4097,147
SARGE,15.56,4.4729,187
VISNE,21.54,4.5526,199
HALED,19.45,4.4552,178
SURFY,26.03,4.5842,198
GHOUL,30.72,4.5461,191
PALES,16.01,4.4379,174
FLOCS,24.27,4.4807,153
ALGAS,24.98,4.6496,222
FURTH,33.95,4.5314,197
PULED,24.82,4.4699,144
MANGA,37.42,4.6942,201
ECHES,25.80,4.6579,212
REAME,21.54,4.6423,217
OCTAS,17.86,4.4582,164
COOPS,30.09,4.5686,172
ROLES,14.48,4.5054,203
BOKEH,27.76,4.6068,183
BEECH,37.98,4.6527,201
SURGE,18.88,4.5388,204
MOCHS,26.51,4.4916,154
SEXTO,20.36,4.5981,237
HEADY,22.55,4.5531,190
OBEYS,20.74,4.6068,208
GUANS,21.30,4.5608,206
COPAY,25.47,4.5206,175
CRINE,18.92,4.4578,177
TRASH,18.23,4.4448,173
COCOA,40.09,4.8055,265
LUDES,18.74,4.4560,193
SARDS,20.23,4.6483,224
POUND,29.74,4.4721,153
LEAZE,26.96,4.7414,267
DOUAR,20.61,4.5188,202
MATEY,19.68,4.5145,202
GLUTS,23.35,4.4630,177
LIKEN,22.15,4.5314,193
COHAB,28.45,4.5214,159
BLASE,17.01,4.4565,166
SOLDE,16.57,4.4573,176
DOEKS,20.29,4.5245,167
ORGAN,21.93,4.5067,179
HEXYL,32.24,4.6990,267
TOQUE,25.68,4.6895,254
SUDOR,19.75,4.5015,191
REIFY,23.58,4.5964,209
MANGY,30.40,4.5673,184
JEERS,25.20,4.7960,292
DOBES,19.17,4.4799,173
ZOOID,43.43,4.7635,234
AWOLS,19.41,4.5240,193
DORMY,28.12,4.5483,170
ERBIA,19.51,4.5453,191
PENED,30.98,4.5920,167
TAKER,17.84,4.5630,212
PALEA,23.11,4.5790,200
ANION,26.01,4.6431,242
KYNDE,28.48,4.6159,177
BINDS,23.90,4.4868,153
IXTLE,24.20,4.6436,230
GUSTY,28.34,4.5621,204
SPEAT,17.29,4.4335,165
DRENT,20.00,4.4327,165
FLAMM,40.52,4.6942,208
OXIMS,27.10,4.6548,209
GARBS,20.25,4.5565,188
SHAMA,28.38,4.6557,232
LENGS,19.20,4.4777,164
MEKKA,31.93,4.7735,237
MUTTS,32.29,4.6509,222
KIKOI,50.16,4.8818,299
MIGGS,34.33,4.6644,197
LAIKS,18.72,4.5266,194
PREMY,26.17,4.5427,166
WHEAR,22.27,4.5847,205
HYENA,22.18,4.5929,217
ALOHA,27.37,4.6535,220
WYNDS,29.17,4.5565,166
MULEY,24.85,4.5479,206
YUCAS,20.95,4.6236,225
MOSES,21.52,4.6496,223
MIRIN,31.87,4.6631,207
FLAMS,23.61,4.5015,165
OCHES,19.75,4.5327,187
POTOO,47.67,4.7497,249
PARDS,18.41,4.4396,139
BRAVO,26.33,4.5699,177
KYLIX,42.42,4.7692,254
OUMAS,19.83,4.5444,191
POKED,26.07,4.5461,142
SPARE,15.69,4.3911,176
ACERB,20.91,4.5206,179
DEERS,21.14,4.6245,227
HORSY,21.14,4.5193,210
RATAS,19.05,4.6314,225
EREVS,25.29,4.7068,261
HUCKS,33.51,4.5964,177
SHOPE,19.53,4.4270,165
MUSHA,25.47,4.5990,193
FLAVA,45.87,4.7557,241
QUALE,23.35,4.6921,265
AVISO,21.03,4.5570,194
GISTS,28.63,4.6236,228
BUNDT,32.41,4.4846,143
SINGS,29.56,4.6557,201
WILTS,21.98,4.4868,169
SPRAT,17.82,4.3924,161
SIVER,18.66,4.5665,222
LOESS,19.56,4.6397,223
TUATH,31.87,4.6786,246
PRUNT,24.90,4.4054,154
BHOOT,40.62,4.6345,189
TIKIS,29.85,4.7042,230
THUGS,27.91,4.5024,170
VAGUE,25.95,4.6522,231
REDON,20.10,4.4560,161
DUANS,19.49,4.5184,183
ROUGE,21.19,4.5526,205
POTED,21.57,4.4253,139
BULGE,28.41,4.5366,166
MARAE,21.45,4.6505,231
ZABRA,40.24,4.8090,274
MONIE,20.19,4.4907,180
DINGS,24.78,4.4998,155
SCULS,29.24,4.6501,219
PANTS,18.55,4.3941,154
DRESS,21.59,4.6081,219
MODII,36.41,4.6323,175
OGEED,31.27,4.6626,202
RESAW,17.50,4.5578,212
HYPES,22.16,4.5258,191
TINEA,16.98,4.5067,186
WOCKS,30.24,4.5842,163
JIBER,26.97,4.6726,225
THEES,22.68,4.5890,227
PODIA,23.63,4.4803,152
VIPER,25.45,4.5734,188
BOODY,45.74,4.7020,199
DREAM,20.41,4.5076,167
CHIME,26.05,4.5080,162
KELLS,24.87,4.6765,231
YTOST,27.08,4.6830,240
GUSSY,38.87,4.7445,242
WIFED,32.11,4.5764,175
UNRID,24.91,4.5331,195
BUPPY,56.69,4.7246,221
LASTS,20.68,4.6037,225
DOTTY,35.32,4.6877,226
GROUT,24.61,4.5058,184
KOKRA,28.71,4.7471,253
RIPEN,20.03,4.4695,159
DOWDS,33.71,4.6713,197
CAVIE,21.69,4.5630,192
PUNTS,23.70,4.4357,147
GYRON,27.54,4.5587,196
MAILE,17.59,4.4617,179
POWER,23.22,4.5327,171
FARED,20.96,4.5054,184
PUDSY,29.91,4.5310,155
TAISH,18.46,4.4682,181
FOREL,20.39,4.5063,186
GAPER,19.99,4.4712,159
GYNAE,22.01,4.5570,198
SPOOR,25.23,4.5669,194
INSPO,23.01,4.4829,155
RAVEY,21.37,4.6444,251
VIFFS,43.17,4.7670,234
WOOSE,24.70,4.6687,226
DRABS,19.23,4.4929,153
NOVAS,20.37,4.5868,203
TEACH,20.65,4.4643,154
GASTS,24.30,4.6514,221
SONDE,17.22,4.4582,183
BERGS,20.29,4.5405,174
JORUM,34.09,4.7020,228
SEWED,27.63,4.6470,197
FRERE,39.33,4.8380,273
GLOZE,27.97,4.6366,232
FRASS,24.76,4.6678,216
KEMBS,25.69,4.5764,150
MUNGO,35.54,4.5751,169
BARDY,25.55,4.5500,175
LOXES,19.28,4.6661,239
CHARY,25.06,4.5427,203
YEESH,26.39,4.6644,229
NOLOS,23.41,4.6353,208
JEATS,18.36,4.6163,219
WAVER,24.36,4.6366,220
RUDDY,39.77,4.7098,255
CERES,19.47,4.6029,222
WIZEN,31.84,4.6903,229
FAULT,25.30,4.5067,179
INAPT,22.21,4.4439,155
SOOTE,18.78,4.5998,239
CUSPY,30.60,4.5435,176
TABUS,19.98,4.5284,187
AMBAN,38.31,4.6683,182
RETAG,18.55,4.5149,193
THIOL,22.62,4.4838,177
MASTY,21.22,4.5379,182
TOUKS,22.86,4.5929,208
BAFTS,23.31,4.5327,165
PATES,16.00,4.4439,166
TWEER,27.97,4.6626,232
NEUMS,20.22,4.5336,169
DEMES,24.78,4.6094,185
DAGGA,49.90,4.8281,257
GUNKY,43.97,4.6557,214
BALAS,24.51,4.6401,220
DEPTH,26.36,4.4517,136
DOITS,18.41,4.4950,186
BINTS,21.70,4.4361,160
TENET,31.42,4.7497,259
CHING,35.28,4.5045,156
OAKUM,27.23,4.6353,193
FUZES,27.89,4.7150,250
SLABS,24.50,4.6340,222
LAZED,23.36,4.5886,202
DOTED,25.42,4.6210,211
SQUIB,32.64,4.7432,247
JEDIS,22.42,4.6336,209
PORKS,22.52,4.5037,165
LODGE,23.01,4.4725,165
WANNA,48.21,4.8584,286
MERCY,23.96,4.5479,191
CURBS,23.71,4.5050,164
SEWAN,17.77,4.5258,193
BASIS,23.43,4.6596,238
OUSTS,26.41,4.6756,246
TONAL,18.43,4.4482,169
ADAGE,27.30,4.6327,205
HOAGY,26.09,4.5951,212
REUSE,20.51,4.6284,243
KYLES,20.43,4.5860,225
SENDS,22.74,4.6262,195
ZEBEC,44.55,4.8146,226
REIRD,24.82,4.6094,237
ADULT,22.59,4.4621,174
BENTS,18.71,4.4240,153
LAZZO,34.61,4.8125,272
WECHT,29.90,4.5210,156
DRAMS,18.78,4.4721,157
JOKES,23.38,4.7038,243
CRONE,18.57,4.4179,159
CLEAT,18.33,4.4132,172
GUAVA,43.91,4.8094,277
CORNU,23.86,4.5383,197
COOED,27.79,4.6284,184
DORMS,20.32,4.4686,148
CLEEP,29.69,4.5279,166
SENES,25.24,4.7757,270
LUTED,21.57,4.4747,174
GRIME,22.59,4.4985,161
HOOEY,27.98,4.7484,278
BOWSE,22.24,4.5184,159
NOLLS,23.11,4.6258,212
KEEPS,28.98,4.6570,196
UREAL,17.37,4.5552,230
FIXER,29.31,4.6726,239
GYALS,20.87,4.5427,193
DEEPS,25.97,4.5790,171
ROZIT,25.17,4.6068,213
RAUPO,20.63,4.5336,194
ZUPAN,33.82,4.6756,219
STOPS,27.68,4.5907,197
CRIPE,20.67,4.4292,148
GIBER,23.70,4.5253,177
DRAMA,30.21,4.6392,189
SHAWS,30.91,4.7116,248
UNMET,23.08,4.5006,174
SLUNG,24.79,4.5011,166
SNEAD,16.61,4.5093,186
HOLTS,19.75,4.4708,182
FLISK,29.33,4.5344,145
HIPPO,37.82,4.6479,214
MINCE,23.12,4.4920,154
SWALY,21.91,4.5565,210
KALES,16.50,4.5388,210
MOBIE,22.81,4.5188,162
FAITH,26.21,4.5301,169
DELTA,18.46,4.4777,172
MONDO,40.02,4.6717,198
TIDED,26.26,4.6371,220
ADUKI,28.27,4.6509,202
GLOGG,51.54,4.8224,282
SOCES,20.10,4.6453,231
ELDIN,22.63,4.4465,170
AVELS,18.77,4.5886,212
SLAGS,24.32,4.6310,234
SYRAH,18.83,4.5565,217
PRICK,30.91,4.4617,127
ECLAT,19.06,4.4379,174
HAUNS,19.70,4.5396,202
GAUGE,26.44,4.7354,269
GNAWN,42.77,4.7380,234
DEBUS,22.02,4.5180,179
SPATS,24.55,4.5652,182
PIXEL,27.53,4.6024,192
BESES,31.23,4.7843,252
HUFFS,42.80,4.7241,222
LUCES,18.22,4.4829,197
MIDDY,45.70,4.6921,196
YAFFS,30.30,4.7635,241
PYNED,26.79,4.4898,155
KELIM,24.77,4.5730,186
ZAMAN,43.38,4.7869,247
RUDAS,18.46,4.5271,183
TURRS,24.21,4.6271,231
ZAIDA,37.06,4.7934,251
STUNG,25.73,4.5110,184
PERRY,29.31,4.6990,228
KAYAK,51.46,4.9355,328
SWILL,30.39,4.6388,214
SALON,16.06,4.4794,187
POOCH,45.41,4.6081,181
LOWAN,23.53,4.5405,182
BIRRS,24.96,4.6553,234
RUERS,21.17,4.6869,271
ALMEH,20.73,4.4777,182
WAHOO,35.19,4.7367,245
WEIGH,30.00,4.6020,184
NIFFS,33.57,4.6704,216
THAWS,23.48,4.5266,185
IVIED,37.09,4.7423,232
NIMBI,46.24,4.6782,192
JIRRE,29.39,4.8042,282
ARBAS,22.50,4.6756,229
SUHUR,28.63,4.6804,231
DOWLS,23.43,4.5006,166
FARCE,20.40,4.5080,184
PLEAT,19.04,4.4149,166
VIVDA,40.70,4.7354,231
OATER,15.17,4.5288,220
GLOAT,21.07,4.4379,170
LUSKS,34.27,4.6990,231
BLURS,21.64,4.5097,167
PINCH,33.28,4.4578,132
WAINS,19.53,4.5353,187
LEGES,22.72,4.6314,215
FUZZY,76.83,4.9060,298
WOULD,30.79,4.5505,201
SIGNA,20.38,4.5258,182
FLUOR,26.47,4.5548,194
JIGOT,32.99,4.6440,201
WAFER,23.32,4.5994,193
LEUGH,26.81,4.5292,183
SWANS,26.90,4.6916,247
BANTS,18.80,4.4556,155
MOOCH,46.63,4.6496,190
MURLS,20.78,4.4989,171
TERMS,16.90,4.4387,161
CLOSE,16.94,4.4314,158
SKIMO,24.74,4.5769,171
JENNY,41.19,4.8424,283
BOWET,25.17,4.5392,166
HORAL,19.02,4.4933,196
CLADS,18.96,4.4240,152
MEBOS,20.31,4.4972,145
RUDDS,27.93,4.6687,226
JUROR,39.65,4.8471,303
UNCOS,22.22,4.5362,183
TATES,17.36,4.6310,231
GLEBE,34.43,4.6241,182
JEWEL,42.03,4.8112,259
KORAS,17.52,4.5899,207
FLORA,22.37,4.5102,181
PLAIT,20.68,4.3816,135
TAWIE,18.49,4.5310,189
PORIN,21.87,4.4456,160
OPALS,18.18,4.4253,159
LAKHS,21.98,4.5665,192
KINKY,45.05,4.7627,254
SHINS,28.05,4.6319,224
DEWED,50.44,4.8528,265
FADES,18.74,4.5032,184
CLONS,19.34,4.4240,143
PRAYS,18.96,4.4985,183
FEMMY,44.62,4.7414,218
JUDOS,28.81,4.6808,223
SHEAR,15.79,4.4894,211
SOUTS,24.79,4.6713,240
UNAIS,17.97,4.5483,214
RENGA,19.82,4.5245,192
SCALA,23.26,4.6154,215
RUMPO,29.20,4.5600,166
SEASE,21.49,4.7505,293
VULGO,37.23,4.6388,212
GRUND,30.79,4.4742,162
CRAIC,25.28,4.6440,234
KORES,16.76,4.5487,201
STEER,19.07,4.6072,230
ZOUKS,31.45,4.7601,265
SKIRR,26.55,4.7051,245
LOTES,15.02,4.4526,192
TUSKS,34.65,4.7176,250
ELAIN,17.48,4.4807,205
CURST,21.19,4.4075,174
GRANA,28.45,4.6665,214
DATTO,26.43,4.6319,220
FUDGE,33.74,4.5782,169
BEGAD,25.55,4.5370,158
ROANS,15.17,4.4842,211
ULAMA,32.32,4.6973,226
NAIVE,20.69,4.5829,212
VARUS,19.93,4.6410,234
STEAM,17.26,4.4842,176
SIREN,15.33,4.4695,192
NAKED,21.58,4.5552,186
ZILCH,39.03,4.6358,194
SALLY,22.93,4.6587,253
WETLY,25.14,4.5362,192
DERRY,28.82,4.7142,239
GERES,21.32,4.6566,227
TOLAR,16.97,4.4634,186
UNPAY,28.04,4.5764,201
LOSED,17.65,4.4881,183
SMEKE,28.00,4.7020,224
NUTTY,38.36,4.7068,249
LOPER,18.88,4.4543,171
HERLS,16.49,4.4747,181
DUMAS,22.10,4.5223,155
ARECA,22.33,4.6362,239
PALLA,40.97,4.7579,251
MOLDY,30.57,4.5375,173
BASIC,20.96,4.5050,157
NATTY,28.70,4.6877,230
DEILS,17.10,4.4439,172
WAVEY,28.01,4.6895,245
HAVEN,23.40,4.5842,212
SEVEN,25.55,4.7046,223
CREST,17.30,4.3872,171
SIXTE,20.28,4.6215,243
SPECK,25.74,4.5076,149
SIDHA,20.42,4.5279,191
KRONA,21.65,4.5678,190
RUBUS,30.21,4.6778,230
CHEAT,21.65,4.4816,174
NANAS,28.58,4.7960,285
VANED,23.48,4.5721,190
BOOZY,58.79,4.8675,277
CALPS,19.84,4.4132,155
ARDOR,25.49,4.6202,234
REEST,19.60,4.5799,217
DUNNY,44.84,4.6951,235
FAZED,29.67,4.6678,207
ONKUS,25.26,4.6055,205
KRANS,18.48,4.5561,189
AGARS,22.80,4.6799,253
SPECS,27.14,4.6016,186
PELES,22.28,4.5929,194
JEHUS,26.11,4.7124,247
RONES,15.09,4.4773,190
MAYOR,21.31,4.5557,207
VOLAR,22.00,4.5730,214
AIVER,19.72,4.5968,213
BENDS,20.60,4.4621,148
SNEES,26.30,4.7878,278
TUBES,19.57,4.4994,187
FRACT,24.53,4.4417,165
URAEI,16.37,4.6016,221
GELID,23.95,4.4937,157
CEDIS,18.21,4.4599,163
KALIF,28.47,4.5855,185
HYPOS,25.93,4.5388,180
ITEMS,19.16,4.4929,168
FAKIR,26.04,4.6146,194
CHUNK,42.36,4.5427,179
TINKS,22.88,4.4989,175
GOOPY,46.07,4.7094,215
AMBIT,26.19,4.4924,155
SWATH,23.82,4.5076,181
MIMER,25.67,4.6635,228
CAECA,32.33,4.8060,290
ERRED,35.60,4.7874,274
ILEUM,23.54,4.5492,192
SOOMS,37.13,4.7882,246
HELPS,20.44,4.4435,153
YOBBO,60.70,4.9026,293
MASER,15.82,4.4929,188
HYOID,28.37,4.5773,198
ALKIE,19.25,4.5271,198
GALAS,24.24,4.6492,231
EMMET,39.10,4.7635,248
CRUMB,34.81,4.5097,147
ALANT,24.42,4.5591,203
MASSY,28.10,4.7150,219
CHERE,28.48,4.6310,215
AMOUR,21.60,4.5448,203
TAILS,15.74,4.4547,187
SUPER,18.82,4.5162,192
STAGE,16.73,4.4712,185
IDLES,17.40,4.4842,182
GNARS,18.58,4.5158,188
ALBEE,24.49,4.6332,223
NYALA,29.22,4.7090,253
AECIA,22.62,4.6418,220
ZILAS,21.21,4.6193,212
RYBAT,23.37,4.5275,185
GYVED,36.94,4.6522,185
BLOTS,20.36,4.4547,152
VERTU,24.50,4.6202,231
NURSE,17.13,4.5132,196
AWARE,23.91,4.6722,241
KAURI,21.84,4.6592,225
VARDY,28.00,4.6184,199
DORBS,20.99,4.4799,151
WISED,22.10,4.5435,190
PENNE,38.30,4.7531,232
REDIP,22.41,4.4617,152
NORTH,22.80,4.4725,191
EPODE,31.81,4.6193,195
FANGO,30.14,4.5790,178
ROILY,20.77,4.5444,217
BAGGY,44.41,4.7687,242
FAXED,31.57,4.6661,218
POSSE,24.04,4.5838,198
SMART,18.30,4.4166,171
ENZYM,39.87,4.6977,218
RAMEE,22.55,4.6596,231
UNAPT,25.16,4.4643,160
FATTY,39.35,4.7172,232
FOLEY,25.49,4.5747,201
TOGAE,19.06,4.4781,183
BOKOS,37.36,4.6912,199
ARDRI,27.23,4.6401,221
BONCE,23.97,4.4760,165
RESEW,24.85,4.6765,246
KLONG,32.13,4.5712,173
ZINKE,31.10,4.7267,234
RATHS,17.65,4.4872,172
VROUW,34.44,4.6479,218
ETTIN,27.49,4.6397,247
CLING,29.32,4.4582,150
EMACS,18.41,4.4664,161
HOIKS,23.21,4.5790,190
SOOPS,38.56,4.7527,237
ELITE,23.08,4.5955,227
BEDES,26.22,4.6154,182
PIANI,29.73,4.6314,204
BAJRI,28.20,4.6825,215
ENROL,18.50,4.4803,193
CAWKS,27.14,4.5903,181
XENIA,23.26,4.6730,243
HALES,15.63,4.4864,205
PUTTS,32.92,4.6024,202
BANTY,25.46,4.5375,162
NIECE,26.29,4.6548,232
VEENA,29.48,4.7562,257
GAUCY,29.25,4.6288,212
SEEKS,33.28,4.8367,293
VEALY,23.25,4.6081,225
KENDO,25.12,4.5652,186
ONCUS,22.52,4.5353,182
FIGHT,38.44,4.5349,165
TOKAY,23.71,4.6163,211
ARETE,19.03,4.6154,255
RAIAS,17.99,4.6410,232
FABBY,46.64,4.7700,236
LARIS,14.93,4.4794,195
HOBOS,32.17,4.6436,191
ZLOTE,22.72,4.6120,222
CRIAS,16.43,4.4456,171
OCHRE,21.89,4.4864,188
NAWAB,40.60,4.7159,206
BORNE,19.87,4.4833,170
DOORS,23.66,4.5998,198
BASIJ,25.75,4.6652,229
LICKS,24.26,4.5310,165
POKIE,22.61,4.5288,174
EIGNE,30.22,4.6596,219
MIAOW,24.53,4.5457,164
KANTS,19.78,4.5223,181
LICHI,39.69,4.6791,213
PINTA,22.72,4.4612,155
KLIKS,30.04,4.6916,223
SHAME,17.77,4.4738,187
DEIDS,22.20,4.6384,227
UVULA,39.59,4.8159,278
RAGUS,18.90,4.5704,214
CAGER,19.06,4.5102,185
PURTY,27.87,4.4911,186
LEARS,13.98,4.4777,208
KUTIS,23.92,4.5877,191
DROWS,22.16,4.5197,163
MYOPE,25.69,4.5604,166
COOLS,24.94,4.6059,194
DRAFT,24.13,4.4521,161
LAWER,18.54,4.5479,204
VERTS,19.07,4.5314,202
PUSHY,31.95,4.5812,188
BECKS,24.58,4.5431,152
BORTS,19.08,4.4677,150
RAGED,19.84,4.4890,176
LUTEA,17.74,4.5344,200
NONET,22.91,4.6462,225
LEANS,14.66,4.4643,187
SHERO,17.24,4.4907,212
RUGAL,23.13,4.5461,205
DITZY,37.08,4.6890,217
EXILE,32.57,4.7765,286
THIGS,24.48,4.4989,184
MOATS,17.26,4.4517,169
FLOES,18.83,4.5349,190
QUOIN,31.67,4.7207,251
SCRUB,24.35,4.5266,172
GOALS,17.88,4.4565,174
PRANG,24.31,4.4573,139
RIGHT,26.75,4.4942,180
SALUE,15.19,4.4825,207
LICHT,27.49,4.4747,154
FLORY,27.26,4.5466,193
EGMAS,20.05,4.5323,192
VELES,25.19,4.6903,246
EAGRE,22.67,4.6544,239
HEMIN,24.36,4.5210,168
JASEY,20.57,4.7198,267
YURTA,21.46,4.5894,240
BAWKS,28.43,4.6189,173
PUCES,20.81,4.4885,174
YARAK,31.00,4.7674,277
MILOS,19.49,4.5032,173
AGILA,30.26,4.6462,215
YEALM,20.72,4.5314,185
BUSTI,25.14,4.5526,185
MITIS,27.82,4.6258,218
ORANG,21.33,4.5028,176
MORNE,18.82,4.4812,170
NUKED,27.62,4.6111,193
ATRIP,20.21,4.4539,150
ORTHO,30.77,4.6557,225
HATCH,34.33,4.6392,197
SEDGY,22.50,4.5292,162
TETHS,24.13,4.6133,224
CLINE,19.96,4.4370,172
OVIST,23.34,4.5535,201
SNOWY,25.10,4.5738,201
MISOS,25.91,4.6518,197
PREMS,19.76,4.4634,158
SEFER,23.45,4.6639,236
SHIVE,21.98,4.5535,204
LACER,16.80,4.4725,183
FRORN,34.17,4.6501,210
BRANK,25.76,4.5440,186
SKUAS,28.61,4.7657,271
LEZZY,40.28,4.8579,301
TENDU,22.88,4.5071,177
CERTY,20.45,4.4989,200
WATTS,26.21,4.6735,228
SORBS,24.58,4.6436,209
NOWLS,22.14,4.5184,168
SYMAR,19.02,4.5544,189
FAKIE,23.17,4.6146,194
LURCH,27.96,4.4894,193
OUPHE,25.22,4.5738,198
GRRRL,44.09,4.7926,258
MASON,19.15,4.5028,172
DAWTS,21.26,4.5158,174
URITE,18.05,4.5548,226
BEDIM,28.25,4.5180,141
FLUYT,34.36,4.5466,190
AIRED,16.83,4.4673,183
DHOLS,21.19,4.4383,160
MARDY,24.71,4.5362,173
RANGY,23.95,4.5816,208
GIVEN,29.86,4.6003,193
OVATE,20.06,4.5751,214
FRAME,21.61,4.5219,175
YOKUL,30.57,4.6981,258
MENAD,21.22,4.4950,161
RIEMS,17.08,4.4729,196
TOYED,21.06,4.5284,198
ACINI,30.01,4.6587,212
TAATA,48.80,4.9420,328
WICCA,37.24,4.7064,225
BROME,22.53,4.5119,159
GHEES,26.32,4.6427,216
SPLAT,18.91,4.3824,137
COHEN,22.75,4.5193,173
WAGED,25.49,4.5608,166
GOWNS,27.31,4.5301,168
CRUES,17.04,4.4855,218
SOCKO,33.10,4.6986,208
STYMY,33.51,4.7168,224
FARCI,24.27,4.5097,176
CALYX,32.11,4.6903,247
OMBUS,27.49,4.5773,165
LARGE,17.65,4.5032,201
HIDES,18.73,4.4833,190
CALIF,25.86,4.4894,152
THOFT,43.75,4.6492,208
BALES,16.13,4.4842,182
PYETS,20.95,4.4859,185
FLAMY,31.94,4.5678,171
EASEL,18.11,4.6457,262
CHIRU,27.54,4.5353,203
ABORT,20.52,4.4539,164
DRONY,24.58,4.5024,165
SPENT,19.32,4.3777,140
AESIR,14.62,4.5054,216
HAITH,27.62,4.6691,226
WHIST,27.44,4.5115,173
CHARR,30.53,4.6271,219
GEEKY,39.41,4.8012,256
NALLA,36.28,4.8029,285
UPSEE,26.31,4.6626,234
BIBBS,42.03,4.8406,265
COTTS,25.35,4.5981,200
CORER,23.35,4.6297,226
SORTS,20.71,4.6102,212
UPBOW,40.96,4.6215,164
RAGDE,19.79,4.4998,177
SHINE,18.00,4.4617,195
FEIST,20.21,4.4474,183
EYRIE,23.32,4.7207,263
BEEFS,30.04,4.6644,204
QUEAN,25.65,4.7440,266
YIKED,26.64,4.6392,204
DRAPS,18.89,4.4452,143
TATER,19.27,4.6496,249
PRIMS,21.53,4.4452,131
RICIN,31.47,4.6418,215
FADOS,20.73,4.5037,164
HOWFF,59.77,4.7644,227
FEOFF,43.10,4.8779,276
VIRED,24.94,4.5479,201
NOWTS,22.82,4.4989,173
NIXED,29.13,4.6202,202
TWIRP,28.09,4.5050,152
WARBY,28.65,4.6293,198
SEITY,17.12,4.4933,223
BINGS,26.04,4.5158,161
THRID,24.37,4.4552,176
DIVOT,29.19,4.5297,187
GONIF,32.92,4.5232,158
TILLY,31.22,4.6548,241
CRUDS,21.84,4.4820,161
BUNNY,48.80,4.7358,245
LEWIS,18.82,4.5188,190
ULNAR,19.44,4.5310,210
UMRAH,25.26,4.5717,197
SPEER,22.13,4.6098,216
TELES,18.97,4.5959,212
MEREL,24.26,4.6297,220
DOING,29.04,4.4712,153
DAUBE,22.29,4.5314,170
BIDON,29.46,4.4656,150
GIROS,18.70,4.5214,185
ATOMS,18.23,4.4829,165
SITAR,15.51,4.4716,202
PERNS,17.28,4.4513,165
FUNKY,45.76,4.6600,212
DALED,23.39,4.6063,219
GAPES,18.15,4.4846,177
UNTIE,20.43,4.5392,212
FAWNS,25.44,4.5591,180
FLUES,21.17,4.5119,195
KITES,18.27,4.5388,203
WEDGY,35.61,4.6146,178
PIONY,26.29,4.4911,182
SHALL,24.20,4.6016,224
MALIK,25.39,4.5362,167
FUNGO,38.71,4.5951,180
SABRE,15.30,4.4660,189
THRUM,29.37,4.4976,175
FIVES,24.26,4.5938,200
CRESS,20.99,4.5886,222
FANNY,38.14,4.7176,232
GERAH,20.49,4.5301,195
TERNE,21.54,4.5782,193
HAPUS,22.14,4.5448,190
EUPAD,23.67,4.5310,169
PASEO,16.28,4.4560,177
BUSBY,41.34,4.7722,245
PULPY,45.36,4.6722,227
NDUJA,35.16,4.7163,218
MEWLS,21.81,4.5201,166
ROTED,18.74,4.4409,173
TEADE,21.47,4.5790,200
COMIC,36.30,4.6423,185
RIVED,25.35,4.5565,203
MAPAU,36.72,4.7077,202
SCUGS,35.57,4.7016,214
BROCH,30.73,4.4699,139
BYKED,33.63,4.6340,165
BELCH,28.01,4.4937,157
CEDES,22.96,4.5868,189
CRUVE,26.37,4.6167,205
FLYPE,29.81,4.5388,166
ETUDE,29.52,4.6349,214
KELEP,32.70,4.6466,185
CHARE,19.27,4.4881,193
WHOLE,24.10,4.5266,200
CLART,19.11,4.4114,163
HYLES,19.02,4.5136,206
CLEWS,21.29,4.4989,167
ORBED,22.95,4.4820,163
MARCH,25.76,4.5041,161
CUVEE,36.43,4.7635,241
QUYTE,30.50,4.7536,287
BOVID,35.97,4.5409,160
ZAIRE,18.86,4.6349,231
LOGOS,27.43,4.6479,210
UMBER,26.46,4.5864,173
PARER,21.87,4.6184,210
VOMIT,30.02,4.5557,186
SPAER,15.64,4.4114,175
UTILE,19.26,4.5184,209
BELEE,38.57,4.7904,249
FAUNA,35.49,4.7272,220
THANK,27.30,4.5149,182
VANGS,24.63,4.5946,207
IRONS,17.00,4.5141,185
ACARI,25.33,4.6262,221
GADID,33.08,4.6605,207
ROLLS,20.53,4.6414,236
RATED,16.97,4.4729,188
SHOGI,23.48,4.5344,180
BANTU,24.46,4.5496,178
KHORS,22.55,4.5305,189
NOMEN,27.27,4.6886,211
KEDGY,33.58,4.6501,184
PRILL,29.17,4.5725,192
MOMMY,58.32,4.8878,288
DROLL,27.83,4.5977,207
BUNIA,25.95,4.5816,200
APACE,25.58,4.5712,194
ALOED,17.48,4.4712,189
BOYAU,26.41,4.6748,224
RONTE,16.98,4.4651,177
PUJAS,27.34,4.6678,222
UMPTY,37.18,4.5570,157
RUMPS,25.03,4.4937,138
CAMEL,19.61,4.4465,143
STRAY,16.95,4.5076,193
DWEEB,43.11,4.6947,179
PULIK,32.01,4.5396,177
SENTS,20.33,4.5985,210
PESKY,25.89,4.5786,188
ANTAS,21.55,4.6016,223
FUZED,38.74,4.6977,205
CRAMP,25.64,4.4539,133
MAMMY,50.37,4.8779,287
MUTON,27.45,4.5279,176
BITOU,25.93,4.5751,196
SKATT,26.34,4.6618,224
AYAHS,25.80,4.7241,259
DOWAR,23.98,4.5370,192
GUNKS,31.29,4.5964,177
KIBBE,35.67,4.7635,215
FETCH,30.52,4.4989,151
SHOCK,28.83,4.5258,159
DREED,35.58,4.7900,269
MAMIE,22.96,4.6864,230
DISKS,32.96,4.7059,210
WARNS,18.49,4.5457,188
CURLY,26.09,4.5409,203
WHATA,38.35,4.7215,212
ARNAS,19.31,4.6470,230
DAILY,22.33,4.4920,185
FOILS,21.00,4.5141,186
CHACO,33.09,4.6618,232
HESTS,24.11,4.6349,228
PARKS,20.46,4.5297,186
CRIMS,20.32,4.4435,147
ANNEX,30.43,4.8116,299
COBZA,34.67,4.6492,180
VIBEY,30.24,4.6657,220
VENGE,40.52,4.7237,227
HENDS,20.00,4.4595,157
BUDAS,22.61,4.5284,173
SNECK,22.81,4.5427,175
NINJA,39.45,4.8333,270
AGAVE,32.80,4.7362,249
SPREE,21.32,4.6016,215
YEXED,42.81,4.8337,266
LIKED,23.86,4.5470,186
METRE,24.47,4.6189,207
BISKS,36.04,4.7129,208
GUMMY,58.59,4.7531,222
LOYAL,27.21,4.6968,262
CANDY,26.04,4.4907,157
SIMPS,32.48,4.6210,169
PULKS,28.65,4.5128,158
GONCH,34.57,4.5331,168
FLOOD,41.52,4.6414,195
STAMP,21.93,4.4478,138
GYANS,21.62,4.5673,212
PLAID,22.96,4.4145,135
PESOS,22.81,4.6011,201
DIVNA,30.16,4.5743,178
CAGEY,21.61,4.5860,189
LAICH,22.96,4.4660,171
QAPIK,35.45,4.6799,203
LAKER,18.07,4.5634,214
RUDIS,19.89,4.5210,196
UNETH,24.92,4.5383,197
REIKI,27.09,4.7414,249
YIRDS,19.87,4.5297,191
PESTY,21.16,4.4656,163
ZUZIM,56.65,4.8818,275
CASES,18.51,4.6379,239
DEWAN,23.73,4.5271,170
SCAPA,27.42,4.5881,183
BERTH,23.48,4.5002,168
JOBED,31.82,4.6626,187
KARZY,32.23,4.7835,271
PATCH,27.91,4.4439,141
SCHUL,26.29,4.4872,167
SEDGE,25.67,4.6094,196
SEEMS,30.66,4.7848,245
MAIKS,21.06,4.5708,176
HATED,19.47,4.4747,182
FRUMP,38.02,4.5249,119
PUKER,25.52,4.6172,194
MAKIS,21.26,4.5756,178
TRAGI,20.43,4.5076,177
MIXTE,27.38,4.6310,214
BOTEL,20.29,4.4608,163
RALPH,22.07,4.4556,178
COYAU,24.09,4.6501,241
PROIN,22.14,4.4218,155
TICKY,31.97,4.5951,192
OOMPH,47.19,4.6804,187
KIPPA,38.17,4.7168,200
AZIDO,28.45,4.6358,204
POUFS,27.44,4.5314,175
CREEK,29.95,4.6773,204
HALON,20.69,4.5063,198
POLKA,25.59,4.5340,155
SIDLE,17.02,4.4357,175
LOUND,25.66,4.4946,184
TAWNY,26.25,4.5522,170
PROKE,22.17,4.5067,173
UNBED,27.91,4.5180,169
BITTE,27.86,4.6587,225
FOCUS,26.54,4.5738,182
FUGIO,34.33,4.6275,204
LIRAS,15.37,4.4911,194
TUART,24.52,4.6466,253
SLAMS,23.77,4.6193,218
TOTER,21.21,4.6336,233
POINT,23.39,4.4110,152
SELLA,18.36,4.6293,246
SULKY,27.22,4.6085,230
BRONC,26.57,4.4612,141
SALMI,18.43,4.4907,165
REPAY,19.74,4.5301,196
GOLFS,26.02,4.5258,156
OUGHT,32.40,4.5803,200
MASSE,20.48,4.6366,223
HUDNA,27.68,4.5379,177
WIVED,33.77,4.6379,196
TABLA,29.45,4.6280,199
NIXES,20.84,4.6332,231
REIFS,18.61,4.4937,209
HONAN,28.71,4.6817,233
TOLLS,22.20,4.6063,217
RIMUS,20.76,4.5392,202
MAKAR,32.70,4.7324,224
GOIER,18.83,4.5011,202
CLIME,22.23,4.4448,156
WALTY,25.38,4.5595,204
LYRES,16.13,4.5271,211
STOBS,27.84,4.6566,203
LAXLY,40.81,4.8328,293
ANKER,19.33,4.5903,214
SOPOR,25.01,4.5695,202
BUNGY,42.93,4.6042,190
NAANS,28.45,4.8012,290
TYNDE,22.61,4.5024,174
PSEUD,24.14,4.5115,162
NUBIA,26.30,4.5907,203
STRUM,21.98,4.5006,170
OLLIE,22.72,4.6440,247
SCONE,17.03,4.4379,171
SILEN,15.90,4.4552,191
EIKED,32.34,4.7293,223
WHORT,28.40,4.4907,188
COOER,23.58,4.6215,226
SKEDS,28.78,4.7163,228
LEANY,18.32,4.5019,204
DUVET,28.01,4.5591,173
TOWZE,29.06,4.6683,224
SLICE,16.64,4.4149,178
KAROS,17.18,4.5734,207
AURES,14.73,4.5318,226
FREES,23.34,4.6514,244
SAMEK,18.24,4.5505,196
VIGAS,23.81,4.6029,204
AWEEL,25.96,4.6570,240
RANCE,16.95,4.4495,171
PANIM,24.70,4.4781,135
WEIZE,39.33,4.8627,274
TABBY,34.10,4.7150,221
OCHRY,29.29,4.5695,202
LUMME,31.18,4.6847,223
MULGA,30.12,4.5799,166
QUODS,28.83,4.6994,231
SAUCY,20.04,4.5756,236
GIGOT,32.75,4.6696,215
DISCI,31.92,4.6375,197
TENTY,27.67,4.6773,238
PADDY,37.49,4.6722,190
COSET,16.85,4.4270,164
SMALL,24.69,4.5990,216
DOLCI,25.02,4.4664,156
GOODY,45.13,4.7176,209
CIMEX,30.61,4.6375,184
ODOUR,32.50,4.6869,244
SEGUE,24.60,4.6717,268
VEILS,19.61,4.5344,200
COKES,19.26,4.5414,186
CANTY,22.82,4.4894,166
SPITE,17.98,4.4266,165
HOHED,29.50,4.6825,219
MACON,23.79,4.4998,143
SUNIS,26.32,4.6912,238
SCROD,19.91,4.4569,163
SDEIN,18.78,4.4807,174
GUPPY,56.94,4.7211,224
VAPID,29.74,4.5401,162
RONDO,30.94,4.6457,203
PIXES,23.07,4.6037,201
KITER,19.97,4.5717,212
MIDGY,38.60,4.5474,155
KHOJA,36.87,4.7401,227
CAVES,18.32,4.5591,200
ROULE,17.58,4.5197,225
PAYER,19.06,4.5197,199
KNIFE,29.12,4.5985,189
SORDO,23.65,4.6223,221
AIDES,15.43,4.4742,185
PISCO,23.31,4.4426,141
FARER,24.45,4.6895,244
GECKS,24.11,4.5764,170
HURDS,22.73,4.5110,172
MURID,27.18,4.5214,164
GAVEL,24.38,4.5518,211
MESIC,20.50,4.4916,162
SURAH,18.50,4.5271,208
CROPS,20.65,4.3980,134
ELAND,19.26,4.4612,181
VENEY,35.36,4.7822,251
DREAR,23.29,4.6574,232
ACRES,14.78,4.4591,194
RASPS,22.46,4.6453,222
GEALS,16.68,4.4946,202
WEIRD,23.44,4.5145,195
WOALD,24.01,4.5184,179
PLIMS,23.51,4.4322,129
FAFFY,55.82,4.9151,310
SCUBA,23.50,4.5591,179
BRUSK,27.92,4.5401,179
AYINS,18.06,4.5370,215
GITCH,32.99,4.5271,164
BASTO,19.17,4.4933,191
AGMAS,29.12,4.6704,210
NOILS,17.37,4.4768,178
FETOR,21.25,4.4820,162
YLKES,20.34,4.5890,227
YOMIM,36.15,4.7276,226
COZES,20.59,4.6297,221
COARB,21.95,4.4586,156
BOUGE,26.90,4.5972,208
SPILT,20.79,4.3733,133
ROQUE,24.23,4.7194,266
EATEN,20.63,4.6184,233
BRADS,19.03,4.4833,158
TOZIE,22.09,4.6327,235
MAGMA,53.11,4.8454,258
TARTS,19.17,4.6267,234
ROSIT,17.02,4.4374,183
DRATS,16.64,4.4443,167
AWAIT,29.75,4.6739,221
SAKTI,19.24,4.5747,188
POLIO,30.99,4.6254,200
THUNK,35.33,4.5453,172
PAVIS,22.27,4.5444,185
EOSIN,17.68,4.5076,212
SIGNS,29.57,4.6492,205
LETCH,23.52,4.4417,163
NACHO,24.53,4.5444,185
MUONS,22.57,4.5115,166
AVINE,21.71,4.5764,211
SHIES,21.64,4.6410,245
BLETS,18.84,4.4379,161
BIELD,24.41,4.4742,158
BAPUS,22.65,4.5435,169
DURED,28.11,4.7211,247
MOCHI,31.81,4.5444,157
ACTON,21.67,4.4387,169
WITCH,35.97,4.5453,168
RECTI,19.24,4.4638,169
NONAS,20.77,4.6488,234
FRILL,33.30,4.6527,216
REEKY,30.19,4.8172,283
WOLFS,27.64,4.5509,163
FAVOR,27.82,4.6102,197
OOBIT,32.40,4.6479,215
POOFS,34.73,4.6327,185
TRUES,16.09,4.4794,209
WINGE,28.07,4.5595,176
OXBOW,71.75,4.8605,268
DEXES,30.01,4.7497,238
JURES,20.62,4.7012,269
RECTA,17.49,4.4773,179
ENACT,19.36,4.4314,180
QOPHS,32.34,4.6314,206
STORE,14.99,4.4664,206
YESTY,24.43,4.6804,236
SAMAS,32.01,4.8047,274
ROGUE,21.24,4.5574,208
INCUS,23.05,4.5565,183
NOMIC,27.59,4.5106,146
SPRAG,20.61,4.4859,160
PRIMA,23.32,4.4959,138
TONGS,21.45,4.4608,156
SERIN,15.50,4.4621,192
LEPER,25.24,4.6345,196
MULED,24.95,4.4760,158
SENOR,15.16,4.4612,189
PHONS,23.34,4.4093,136
GLEYS,21.01,4.5526,198
IGGED,34.02,4.7068,209
FERMI,24.99,4.5583,171
GLENT,22.47,4.4435,165
ASDIC,21.50,4.4929,156
POPSY,32.45,4.6570,209
LENTO,18.21,4.4790,185
YAGES,17.41,4.5764,226
HIRED,20.75,4.4699,197
GLAZE,25.33,4.6107,224
IVIES,25.66,4.7250,256
BOXES,22.73,4.6535,241
TANGY,25.21,4.5405,175
SAKIA,24.46,4.7298,249
BOOAI,28.80,4.6726,211
PIUMS,25.73,4.5375,151
PLUMB,39.38,4.4903,128
KAMES,18.28,4.5708,194
ELOIN,19.22,4.4959,203
DINAR,20.51,4.4842,170
MATER,17.32,4.4846,186
DELES,21.49,4.5738,203
BOYAR,22.47,4.5647,208
TWERP,25.50,4.5084,155
TAKES,16.25,4.5305,194
PEEPS,32.54,4.7497,246
MASES,19.63,4.6618,239
PROYN,25.37,4.4712,173
BEARS,15.89,4.4617,191
UPSEY,22.79,4.5561,211
SOCLE,16.17,4.4439,175
UNTIL,24.11,4.4924,182
OOTID,30.07,4.6150,218
POSES,22.13,4.6094,215
ATTAR,31.90,4.7848,269
PUBIS,25.86,4.5513,161
BAKEN,22.95,4.5699,186
COMBO,48.19,4.6830,174
FACET,21.39,4.4608,177
SPEEL,22.99,4.5621,198
ANNOY,29.27,4.7146,267
KRAIT,20.20,4.5357,186
LEESE,26.48,4.7523,268
YAKKA,52.78,4.9610,334
CARON,19.06,4.4599,166
RADGE,19.85,4.4881,178
OREAD,17.64,4.4955,204
DOWNA,27.57,4.5578,163
UMBRA,28.38,4.6003,174
READS,15.13,4.4469,164
EATER,19.13,4.6371,250
RELET,20.83,4.5855,217
BABUL,33.90,4.7194,238
POUFF,47.23,4.7272,226
BALKS,22.84,4.5474,185
PHISH,34.83,4.5907,178
AZOTH,29.16,4.6414,210
POETS,18.02,4.4166,168
GENES,23.50,4.6314,202
EVADE,31.03,4.6999,230
MINGS,25.66,4.5019,149
MATHS,21.25,4.4920,166
CIBOL,26.80,4.4664,141
HOVES,20.96,4.5691,226
BATTY,33.60,4.7033,220
STAGY,20.89,4.5366,187
TITUP,36.51,4.6579,206
ZANZE,29.25,4.8151,285
BODES,19.06,4.4721,171
CROGS,20.82,4.4708,167
DONGA,26.62,4.5080,180
CURLS,19.70,4.4738,167
SEDAN,16.57,4.4851,183
YAPPY,49.48,4.8558,273
PROSS,24.47,4.5847,185
SANES,17.21,4.6410,249
INNER,23.71,4.6981,249
KREWE,34.49,4.7813,243
FUJIS,34.26,4.7276,225
HOOFS,34.32,4.6739,193
BAYLE,20.75,4.5180,188
PONES,17.43,4.4335,173
BABES,20.38,4.6713,248
GROSZ,27.52,4.6362,211
MOYLE,21.72,4.5336,203
MEDIA,21.41,4.5236,164
NOUPS,22.70,4.4855,162
CLUED,23.44,4.4443,163
KONKS,30.59,4.7094,239
BOABS,23.35,4.6626,223
PAPPI,41.46,4.7951,254
SHRED,18.20,4.4734,185
SNOOT,24.08,4.5492,201
WINGY,39.20,4.5938,191
TORRS,20.88,4.6133,198
FYRDS,26.18,4.5535,170
NEIFS,20.52,4.5076,185
AGAST,25.61,4.5959,210
THORO,30.29,4.6267,238
HULLY,43.17,4.7124,273
HOWSO,37.68,4.6709,203
BOFFO,70.43,4.8900,270
YELPS,20.32,4.5041,182
ZAPPY,48.97,4.8346,260
TRETS,19.51,4.5985,240
POMES,19.41,4.4656,142
BRIBE,26.47,4.6786,223
LIMEY,22.31,4.5600,199
DUNGS,27.41,4.5210,172
SNIPS,28.78,4.6016,201
SILTY,19.69,4.4825,177
ALGUM,29.86,4.5548,153
DUMPS,29.53,4.4985,125
PSYCH,34.14,4.5249,159
LEASH,16.56,4.4556,192
KBARS,21.71,4.5578,182
NASTY,19.12,4.5305,191
GIPON,29.66,4.4396,143
PARRS,21.91,4.6180,218
DRAWN,25.07,4.5119,167
ASPIE,17.41,4.4656,171
SKIRL,20.05,4.5349,189
WAILS,18.74,4.5084,188
YARTA,24.83,4.6934,256
HELIO,19.55,4.5162,204
NAZIR,23.65,4.6713,232
ZINGS,30.73,4.6453,203
EYERS,21.39,4.6999,264
CRIES,15.65,4.4262,190
POOLS,26.56,4.5851,184
NEDDY,33.77,4.6890,216
COZED,28.41,4.6288,184
ZESTS,28.08,4.7683,272
SPREW,20.92,4.5188,175
GNASH,23.59,4.5162,170
PEIZE,35.69,4.7817,230
XENON,34.18,4.8064,290
CRUDE,22.48,4.5180,200
TIKES,18.21,4.5288,199
SAICE,14.70,4.4296,180
HAULM,26.30,4.5379,173
CRASH,20.10,4.4660,169
FENIS,20.02,4.4994,181
NIEFS,21.13,4.5158,178
DIEBS,20.12,4.4903,170
HALID,22.35,4.4742,165
PALAY,32.60,4.6423,226
HANSA,25.17,4.6271,214
GABBA,54.98,4.8740,286
BELLE,39.36,4.7683,248
RYMME,29.75,4.7596,251
ZOEAS,17.98,4.6492,246
ETATS,19.25,4.6466,238
MUSKY,34.91,4.6665,206
CURLI,23.01,4.5245,206
LOUPE,21.47,4.5028,183
PUNTO,26.97,4.4963,175
SILEX,19.89,4.6293,234
HEYED,33.45,4.7020,232
REEDE,34.91,4.8099,269
TRAPS,17.65,4.4101,147
RORIC,27.30,4.6340,210
BOSON,31.29,4.6228,206
ANATA,35.37,4.7839,255
PUERS,19.18,4.4989,182
CHOWS,29.10,4.5292,159
WIVER,27.82,4.6314,223
TWOER,20.40,4.5110,187
BAWRS,21.28,4.5643,185
BEACH,24.11,4.5123,170
SQUAB,29.25,4.7124,238
WHIFT,40.87,4.5457,153
LITHE,20.13,4.4807,175
ROTAL,17.23,4.4560,183
GAUDY,29.70,4.6089,200
SLUMP,27.10,4.4599,129
CRANK,24.42,4.5076,184
MERRY,29.33,4.7220,246
DOOLS,24.90,4.6042,198
MODUS,24.06,4.5128,153
SIZAR,19.61,4.6561,241
MAWNS,22.74,4.5405,168
KNOWS,28.77,4.5903,183
NODDY,39.26,4.7124,231
ASWIM,25.01,4.5747,169
DAGGY,39.89,4.7319,221
BIRSE,17.61,4.4799,179
YUKED,29.89,4.6769,226
FILED,25.41,4.5015,165
MAZER,23.02,4.6527,216
COVEY,27.00,4.6405,215
WOOLY,40.96,4.7337,266
CREDO,21.33,4.4608,163
SPIVS,37.11,4.6756,200
ADHAN,33.95,4.6414,203
ETUIS,18.61,4.5565,212
NOULS,19.37,4.5275,187
VITTA,34.67,4.7492,247
BODGE,27.84,4.5219,151
SHOER,16.24,4.4812,216
TAROS,14.82,4.4578,189
JURAL,25.55,4.6838,253
METIC,22.78,4.4885,173
COTES,16.18,4.4296,158
DJINN,52.62,4.7479,227
DOLIA,20.86,4.4768,180
FREED,32.48,4.6496,210
VUTTY,49.96,4.7913,273
SOZIN,23.81,4.6483,223
FARLE,18.80,4.5232,190
RUTTY,33.38,4.6877,262
ARLED,17.20,4.4413,178
LIVOR,24.38,4.5392,193
BACCA,49.98,4.8090,251
TOPAZ,27.99,4.6011,184
DOWER,23.43,4.5496,190
KATIS,18.89,4.5505,194
REFIS,18.54,4.5162,207
VOTED,25.10,4.5318,182
AZUKI,35.01,4.8099,264
PAWLS,22.31,4.4968,147
DOILY,24.35,4.5353,188
FOIST,22.09,4.4946,173
SAVEY,18.42,4.6340,249
STOOP,28.21,4.5660,187
SWAPS,31.09,4.6531,212
DWINE,26.33,4.5279,168
GENTS,19.14,4.4405,162
LAARI,22.05,4.6622,223
GOODS,30.79,4.6371,180
WIDOW,41.15,4.7016,212
AIDOI,27.55,4.6349,213
BARGE,20.85,4.5197,185
FOULE,23.37,4.5626,217
MERSE,21.60,4.6167,203
CRAAL,25.01,4.6072,209
GLEED,31.82,4.5829,173
LANAS,20.75,4.6293,220
DRONE,19.10,4.4392,152
LOGIN,25.46,4.5149,181
FIEND,27.63,4.4981,147
KIEVS,24.72,4.6228,216
BULKY,41.29,4.6301,214
DEBYE,36.41,4.6938,192
SWITH,26.70,4.5301,192
SHARN,17.73,4.4565,186
SLISH,26.36,4.5959,204
CURRY,36.54,4.7051,263
BLUNK,36.79,4.5466,163
BURST,22.71,4.4396,171
LINTS,18.50,4.4348,170
YEUKY,37.52,4.8489,293
YAPPS,27.48,4.6916,221
CAVIL,26.55,4.5167,177
TERNS,15.49,4.4495,171
FIQHS,37.18,4.6986,213
CARBS,18.81,4.5015,161
CHICA,34.84,4.6518,211
SLOMO,26.96,4.6241,199
FAYER,21.06,4.5985,228
NEMAS,16.64,4.5011,172
ANURA,26.27,4.7276,264
ARPEN,17.96,4.4539,180
CAROL,18.29,4.4452,182
LEZZA,30.96,4.8276,284
FISTY,26.97,4.5496,194
HYNDE,26.14,4.5522,177
KLICK,42.41,4.6808,214
HALTS,18.21,4.4517,182
VARAN,30.81,4.7436,261
PITHY,31.77,4.5331,181
USERS,22.07,4.7354,268
LISKS,29.62,4.7068,228
TEALS,14.47,4.4392,178
SUKHS,40.31,4.7544,236
INURE,19.27,4.5760,223
JUNCO,38.27,4.6834,224
SKIMS,34.54,4.7172,210
ARIAS,18.24,4.6384,235
DUROC,26.27,4.5132,186
IODIN,33.17,4.6206,198
SOUCE,17.58,4.5136,213
ODIUM,29.23,4.5414,159
SOARE,13.41,4.4630,219
UNSOD,23.80,4.5292,181
BLUSH,28.27,4.4647,150
TRAPE,17.28,4.4101,160
GRILL,30.52,4.6436,214
VENAL,22.00,4.5686,220
PAWAS,29.82,4.6613,212
SOFTA,20.29,4.5067,176
RUNNY,34.75,4.7146,279
BLASH,22.41,4.4630,161
RABBI,27.99,4.6951,224
TITER,21.90,4.6466,251
SHEET,22.69,4.5777,238
DEFAT,22.69,4.4911,172
MOWRA,25.10,4.5613,171
FLIPS,26.32,4.4712,141
VEGES,29.94,4.7224,236
FENDS,22.11,4.4946,147
ALOIN,19.23,4.4617,186
CABER,19.45,4.4998,174
PUMPS,39.37,4.6843,180
ABELE,24.92,4.6249,214
OUPED,24.48,4.5370,173
CAPES,16.82,4.4305,159
WELSH,22.77,4.4859,162
TRIFF,34.83,4.6657,222
AISLE,14.97,4.4872,199
LOFTY,29.36,4.5570,178
APISM,22.02,4.4487,126
BAZOO,41.44,4.8194,251
AGLEE,24.28,4.6410,229
IONIC,32.59,4.6570,218
SCENA,16.77,4.4760,177
SPIRY,21.17,4.4825,174
SIETH,18.69,4.4690,202
HOWKS,31.61,4.5964,176
OPSIN,22.54,4.4612,153
GIBED,28.32,4.5193,153
OBOES,22.87,4.6804,232
SQUEG,27.01,4.7185,278
NINER,22.95,4.6795,243
REPIN,20.43,4.4491,159
GOOKY,49.00,4.8068,267
CYLIX,37.09,4.6730,208
CORSE,16.11,4.4383,176
EUROS,16.72,4.5444,227
BUNAS,20.94,4.5565,189
KAMIK,35.69,4.7358,232
DUELS,19.36,4.4712,186
MOTIF,29.54,4.5128,156
LARDY,21.30,4.5028,186
JAMBU,41.02,4.7549,205
TUISM,23.23,4.4729,163
BIBLE,28.64,4.6761,222
HILUS,21.62,4.5427,208
CABBY,38.80,4.7220,219
PSOAE,16.72,4.4560,169
AUMIL,23.56,4.5284,193
AGONE,19.84,4.5050,188
MEASE,19.84,4.6068,216
PENKS,22.24,4.5149,156
DUNKS,27.59,4.5868,176
FERNS,18.98,4.5123,175
NETTS,21.13,4.5951,212
HUSOS,29.52,4.7124,258
POLKS,24.24,4.4989,142
CUBES,20.91,4.5435,191
NEPIT,21.48,4.4439,168
ABLET,19.03,4.4547,160
KURTA,23.15,4.5985,223
VISOR,21.57,4.5656,196
VARIX,29.93,4.7350,258
DOXIE,25.31,4.6288,223
BRENT,21.40,4.4448,170
AZURY,29.17,4.7570,279
MARVY,29.12,4.6544,216
SPOON,28.75,4.5474,172
BIRDS,21.02,4.4963,171
LOUIE,18.05,4.5634,227
ROBOT,31.25,4.6436,206
UPSET,20.72,4.4651,181
REMET,24.48,4.6007,202
MAZEY,26.75,4.6973,219
REMAP,20.56,4.5037,154
KUTAS,21.44,4.5847,205
PLESH,21.85,4.4240,149
YULAN,23.79,4.6029,220
NOELS,16.02,4.4907,185
DEVAS,19.73,4.5457,194
DITAS,17.54,4.4647,188
BROOM,37.96,4.6453,184
STOLN,18.34,4.4491,170
STOEP,17.74,4.4192,157
EVERT,31.49,4.6973,245
CELLA,23.92,4.6245,229
GREET,25.57,4.6133,211
GRINS,20.33,4.4695,182
COMER,20.79,4.4747,161
DECOY,23.98,4.5418,189
GRRLS,24.63,4.6301,208
TALLS,20.44,4.5890,220
GRAVE,23.16,4.5712,200
SUINT,20.36,4.4504,183
SEANS,17.87,4.6163,228
BETTA,26.09,4.6726,228
ASSAM,37.66,4.7969,266
SAKIS,24.08,4.7289,248
SYCES,23.24,4.6899,268
DURES,17.89,4.5045,196
VOICE,23.93,4.5331,194
MIROS,18.11,4.5058,172
LOAST,15.95,4.4253,167
WOLDS,23.55,4.5162,177
LURER,23.43,4.6955,265
KILPS,25.28,4.5037,143
LOTAH,20.73,4.4673,193
MINTS,21.22,4.4331,160
LURGI,25.39,4.5760,220
SCOOP,31.15,4.5656,158
WHETS,23.76,4.5236,196
HYPHA,42.28,4.7337,229
KROON,33.20,4.6986,221
STUPA,21.81,4.4920,183
NARES,13.89,4.5145,205
LIEUS,17.24,4.5266,215
DORAD,25.42,4.6440,231
EPRIS,17.90,4.4682,180
DUXES,24.63,4.6683,246
ARILS,15.03,4.4643,188
AIRNS,15.65,4.4890,198
MIRKY,30.12,4.6089,191
HAICK,28.47,4.5565,178
RUMOR,33.22,4.6752,221
FARES,16.61,4.5084,198
LOREL,20.60,4.6405,236
BRUGH,36.59,4.5544,169
SIGHS,32.49,4.6830,203
PALLS,24.07,4.5964,206
VAIRY,23.46,4.6470,235
PALMY,28.52,4.5067,157
BOCCE,30.91,4.6522,206
MOPED,25.29,4.4924,120
GUMPS,32.77,4.5314,129
RUSMA,20.78,4.5816,211
HUMFS,34.94,4.5682,150
ERUCT,21.62,4.4413,194
TYPES,19.61,4.4963,188
TUFFE,34.34,4.7237,239
CEORL,18.17,4.4223,179
DIGHT,32.14,4.4924,161
OARED,16.50,4.4937,199
CYCLO,37.03,4.6977,230
AVENS,18.89,4.5764,207
FORCE,22.40,4.4911,171
NARCO,19.31,4.4890,179
OBANG,27.65,4.5448,158
JUMPY,55.77,4.7150,192
WOOER,27.07,4.7129,250
GIGHE,33.24,4.7272,233
ABORE,18.02,4.5041,191
SUITE,16.86,4.5067,217
TANKY,25.59,4.5795,185
VODUN,35.42,4.6176,191
RAYAS,20.59,4.6964,253
POOKA,35.40,4.6730,208
PIANO,20.88,4.4682,165
TAPPA,40.77,4.7726,243
TOISE,15.37,4.4582,192
AINGA,32.15,4.6986,228
DHABA,39.82,4.6501,190
TOTES,18.96,4.6245,240
SCULK,27.70,4.5249,183
ABBEY,28.76,4.7332,244
SIEVE,24.76,4.7033,256
WEELS,24.78,4.6462,228
NAIKS,19.63,4.5777,196
TWEED,33.60,4.6349,210
RESEE,25.65,4.7778,308
RAPHE,19.08,4.4777,161
CREEL,23.44,4.5717,206
SECHS,26.06,4.6427,198
AROMA,25.79,4.6397,217
PIOUS,20.61,4.5167,186
DEARS,15.45,4.4521,169
FILLS,30.67,4.6592,208
SEELS,25.64,4.7666,277
HICKS,29.05,4.5561,170
CALMS,19.91,4.4612,154
ERUGO,23.19,4.5717,219
STRAD,16.96,4.4625,170
EJECT,39.32,4.7337,231
HIKOI,39.58,4.7527,236
VITRO,25.06,4.5630,192
GALEA,23.91,4.6384,236
FONTS,22.74,4.4673,165
PEKIN,25.92,4.5526,173
CREME,27.71,4.6297,196
JAAPS,32.97,4.7683,255
PLUFF,52.33,4.6483,185
HISTS,28.65,4.6518,225
ZINGY,44.00,4.6994,228
BENDY,28.82,4.5223,149
CRAFT,24.29,4.4439,163
PONKS,25.30,4.4985,156
BUIKS,27.75,4.6254,195
TUQUE,38.55,4.8402,312
MORNS,18.83,4.4981,169
MERGE,29.98,4.6873,191
KLETT,29.90,4.6691,236
NISSE,21.26,4.6310,222
OXEYE,35.02,4.8592,320
DOZEN,27.25,4.6496,194
CLOUS,20.74,4.5028,189
LEANT,16.43,4.4374,164
SOOKY,31.87,4.7822,259
OGRES,17.31,4.5249,196
TYING,29.92,4.5197,181
TRAWL,21.03,4.4859,165
DEMPT,26.00,4.4288,114
HOKIS,23.02,4.5920,185
GHYLL,48.43,4.6687,225
MINAR,20.73,4.5167,172
OWIES,18.32,4.5405,196
DUROS,19.66,4.5180,193
HEBEN,32.62,4.6531,196
SPRIG,22.69,4.4669,160
THIGH,41.84,4.6661,218
BLUFF,56.71,4.6947,205
FOIDS,23.03,4.5310,169
DOPED,30.05,4.6462,179
SARKS,22.98,4.7354,269
GLEEK,33.98,4.6440,200
AORTA,21.62,4.6492,234
JAPES,20.19,4.6249,217
SCATS,22.91,4.5873,191
LUVVY,52.70,4.8077,293
PHOTS,23.81,4.4214,151
HORST,19.50,4.4266,165
WARMS,20.62,4.5678,180
EAGER,22.74,4.6522,236
CURNS,20.46,4.4768,177
KNARS,19.04,4.5617,199
TEMES,21.89,4.6098,195
NOILY,22.75,4.5557,219
DEBUD,38.23,4.7155,210
HAPAX,47.29,4.7592,247
PEGGY,39.95,4.7042,207
RENTE,21.94,4.6111,203
COWAN,26.21,4.5388,157
CREWE,30.56,4.6795,211
ALAYS,22.60,4.6799,259
CLODS,20.64,4.4417,142
BANED,21.22,4.4950,160
PARTY,21.57,4.4833,173
BREAK,22.53,4.5812,196
UNDER,22.29,4.5344,193
SIPES,22.39,4.6159,207
RUGGY,43.02,4.7466,270
BOULE,22.36,4.5370,205
WANTS,20.03,4.4881,174
REBUS,19.05,4.5396,196
ROTIS,16.24,4.4677,187
POUKS,26.61,4.5570,188
PLAIN,21.50,4.4244,152
SARAN,19.39,4.6258,224
MYTHS,27.53,4.5383,173
SIZES,25.47,4.7995,287
CHAFF,45.76,4.7033,225
HULAS,19.89,4.5284,196
HERMS,18.90,4.4859,167
FAERY,21.59,4.6055,221
BURFI,33.80,4.6293,204
BREED,30.97,4.6405,198
IMIDS,31.41,4.6466,194
DELTS,17.16,4.4448,165
DEMIT,22.67,4.4591,155
CHAYS,22.46,4.5717,205
BARFS,21.66,4.5764,184
PUMAS,23.41,4.5227,152
REAVE,25.05,4.7194,247
CERTS,16.18,4.4175,162
WILED,24.66,4.5175,182
SPOIL,19.82,4.4214,147
CONGO,41.46,4.6860,195
SWOOP,35.94,4.6245,187
QUINT,34.10,4.6548,237
SPUMY,30.82,4.5751,162
ASTER,14.97,4.5080,207
LYART,19.31,4.5097,191
MAXES,20.06,4.6505,233
TIROS,16.28,4.4686,180
SOAVE,16.49,4.5362,220
LOTUS,18.99,4.4937,181
YMPES,22.59,4.5457,175
ALDOL,27.96,4.5834,216
RISHI,27.39,4.6895,227
JARUL,24.49,4.6929,254
ANTES,14.84,4.4721,191
REFEL,27.98,4.6678,211
GLOSS,27.08,4.6249,196
SCRAG,19.66,4.5344,186
GEESE,32.45,4.7809,250
APGAR,31.95,4.6392,185
STYED,19.03,4.5236,200
MARSE,15.46,4.4539,168
GRAND,23.80,4.4764,166
CRABS,19.04,4.4829,162
BRAWS,21.40,4.5583,175
TETRA,20.44,4.6639,257
WOMBS,30.33,4.5570,138
SHANS,24.16,4.6479,237
UMIAQ,32.98,4.7631,237
LABOR,20.06,4.4868,184
TOMMY,37.65,4.6968,231
ASSOT,22.09,4.6353,239
NIDAL,22.33,4.4461,155
TENDS,17.70,4.4158,155
APTER,17.94,4.4669,175
FISTS,31.34,4.6453,234
FAKEY,26.47,4.6553,224
SLATY,17.54,4.4729,181
GRAZE,23.52,4.6444,229
WOOFS,38.95,4.7103,202
TAROC,18.49,4.4452,170
CHORE,20.87,4.4500,188
KOKAM,35.80,4.7627,224
PRISE,17.39,4.4145,167
NEGRO,21.30,4.5249,183
CATCH,34.28,4.6219,197
BRICK,32.00,4.5214,149
JAGER,23.55,4.6709,233
KERMA,21.37,4.6176,198
BRUTE,21.84,4.5041,198
HINGS,25.31,4.4959,166
ALIFS,20.57,4.5011,176
EATHE,23.10,4.6379,237
SODIC,20.63,4.4677,153
PEATY,20.03,4.4846,175
KNOWE,27.54,4.6245,207
TAWAI,29.86,4.6912,219
FLANK,30.53,4.5591,174
BROSE,17.45,4.4582,165
PALPI,28.86,4.6249,198
PEAKY,24.39,4.5678,191
NICKS,26.01,4.5591,179
BOBOS,40.42,4.8077,256
DOUMS,23.83,4.5145,158
FEZES,33.90,4.7951,254
TALCS,17.45,4.4058,148
NAPPY,34.76,4.6761,208
BURRS,29.08,4.6782,218
POISE,17.26,4.4197,165
MATCH,28.64,4.4716,149
LILOS,22.19,4.6631,228
ZYMIC,45.36,4.7098,199
KYATS,21.34,4.5925,196
FILUM,35.09,4.5639,166
EPHAH,31.22,4.6483,228
FILLY,44.03,4.7198,239
SYBBE,26.58,4.7350,243
YETTS,22.69,4.6635,249
LIBRI,32.23,4.6683,225
BUTLE,23.08,4.4816,175
COWPS,27.67,4.4781,130
DROKE,21.72,4.5245,175
MEADS,17.37,4.4760,167
PILED,22.51,4.4417,152
PULAS,20.28,4.4682,171
CODAS,18.58,4.4534,153
SITED,17.01,4.4569,181
CAPUL,25.38,4.4755,156
CHOLI,26.43,4.4890,171
SHIRK,23.16,4.5253,178
CAVED,24.52,4.5660,169
DEWAR,21.87,4.5626,193
PARGO,22.56,4.4946,172
DINNA,31.35,4.6527,204
LEMME,38.20,4.7783,242
REIGN,21.50,4.4924,178
SYLVA,23.59,4.6232,237
TUFFS,36.86,4.6960,230
BIZES,22.92,4.6353,227
DOGGY,45.98,4.7254,222
PATSY,20.73,4.4682,152
HASTE,16.38,4.4690,187
JURAT,25.61,4.6596,261
TOITS,22.06,4.6674,241
CLOWS,23.50,4.5006,154
URDEE,26.93,4.6990,245
FRITT,34.07,4.6332,216
DAYCH,29.94,4.5292,183
SUBHA,24.19,4.5942,190
GIMEL,23.95,4.5041,167
PAKKA,53.74,4.8515,256
HUSKY,33.96,4.6639,227
GLANS,19.51,4.4872,174
KAZOO,41.76,4.8822,295
EXERT,32.69,4.7609,279
SAHEB,17.75,4.5080,199
DRIED,25.18,4.6167,229
MUMPS,39.54,4.6968,183
OJIME,26.90,4.6479,220
SHULN,22.94,4.4786,169
FEENS,25.71,4.6449,196
NILLS,24.43,4.6267,214
WRYER,31.68,4.7683,276
INEPT,22.64,4.4582,171
MURTI,24.63,4.5362,185
URPED,24.01,4.5210,178
ROARY,23.29,4.6947,261
VEERY,33.24,4.7999,290
CREED,27.35,4.5955,193
JODEL,25.95,4.6414,215
ANNUL,29.16,4.6890,249
TROAD,18.72,4.4361,167
DOLLS,24.89,4.6003,205
LIVES,19.48,4.5461,210
ACRED,18.86,4.4591,177
CLAES,15.16,4.4348,178
YACKS,23.56,4.6206,192
ZONER,22.55,4.6527,235
BYDED,39.14,4.7068,199
REFIX,29.81,4.6908,233
MOCKS,27.48,4.5414,141
FASTS,26.90,4.6661,222
SEGNO,19.14,4.4803,187
ASHED,18.75,4.5262,196
KOOKY,60.04,4.9489,331
GELLY,33.73,4.6877,238
PRICE,20.64,4.4231,147
STOTT,32.94,4.7722,276
UPPED,35.69,4.6596,194
WHEWS,32.30,4.7120,233
MATED,19.46,4.4621,165
SCLIM,22.87,4.4465,139
FUERO,23.60,4.6029,216
ATONY,21.11,4.5301,203
INCEL,20.69,4.4669,170
MAVIE,22.72,4.5968,200
SPIKE,21.24,4.4959,173
LUMBI,33.92,4.5678,165
LIMNS,21.00,4.4708,152
PREOP,26.30,4.6180,217
WISHT,27.89,4.5219,181
REPPS,22.95,4.6081,216
FLOUR,26.26,4.5604,191
NULLA,29.50,4.7020,243
JUVES,28.73,4.7765,286
PAREU,18.22,4.5357,192
LOCHS,22.38,4.4911,167
BLANK,28.31,4.5284,171
IGLUS,23.71,4.5782,205
THIRL,21.97,4.4491,177
BICCY,44.99,4.7181,219
ISHES,23.08,4.6851,244
AUDIO,23.15,4.5509,187
TEMSE,22.86,4.6003,186
STATS,28.84,4.7787,277
FILLE,30.50,4.6700,232
RAMPS,19.60,4.4838,144
PEERY,28.69,4.6851,226
CYMAR,25.28,4.5483,180
SKIVE,23.66,4.6197,208
CARLE,16.34,4.4638,187
CLEGS,20.09,4.4617,160
IDOLS,19.18,4.5080,184
DECAL,20.29,4.4599,166
DORTS,17.81,4.4556,171
HOUGH,44.31,4.7432,248
COXIB,37.64,4.6275,185
CLOTE,18.64,4.4270,168
ALPHA,34.31,4.6163,198
SNIES,19.85,4.6423,234
LEAVY,23.41,4.5994,222
YABBY,52.24,4.9043,298
TWERK,26.94,4.5990,199
FLAWN,31.60,4.5565,171
LOGON,36.54,4.6470,213
PREPS,23.29,4.6050,219
DATOS,16.89,4.4729,175
UNFIX,46.21,4.7059,228
LEVEE,44.39,4.8406,276
ANGST,21.15,4.4534,169
ARETS,14.42,4.4734,208
DWAUM,33.15,4.6050,168
USAGE,18.96,4.5738,219
SEAMY,17.40,4.5245,200
CLAIM,23.84,4.4322,142
JILLS,32.98,4.7856,263
SWISH,35.46,4.6579,208
GADES,17.62,4.4864,185
ARRAH,35.73,4.7951,291
DANGS,21.31,4.5054,170
VILLS,31.51,4.7124,245
STOWS,30.16,4.6817,224
GERMS,19.76,4.5171,168
QAJAQ,79.54,5.1031,422
HEIDS,18.96,4.4664,191
LADEN,18.17,4.4461,170
MUSTS,32.55,4.6431,220
BARNS,17.49,4.5032,171
BANIA,30.08,4.6635,207
RATOS,14.92,4.4508,193
HISSY,31.85,4.6895,239
TRODS,17.89,4.4405,156
POTIN,23.93,4.4166,150
PRONK,27.40,4.4695,150
PUNKA,30.85,4.5925,175
VEGIE,36.99,4.7648,247
SOWFS,38.02,4.7168,206
COMBE,26.30,4.5219,149
GOOBY,49.02,4.7562,228
COLES,15.98,4.4734,184
ELFIN,25.84,4.4985,178
BESIT,19.11,4.4604,186
LENIS,16.20,4.4604,183
BLOWS,25.75,4.5401,151
NERTS,15.57,4.4781,181
HURST,22.36,4.4465,176
DIARY,20.99,4.5193,187
ARERE,25.61,4.7895,294
DWAAL,36.77,4.6713,210
PAVAN,39.11,4.6977,206
BEIGY,27.87,4.6007,205
BLAYS,20.87,4.5414,195
CANER,16.91,4.4686,178
QUART,25.94,4.6782,265
SCEAT,16.34,4.4405,186
POLER,18.66,4.4426,168
MAPLE,20.50,4.4340,136
LIMBO,28.99,4.5349,151
MIXED,31.81,4.6401,187
TASSO,20.70,4.6414,230
CRURA,28.78,4.6873,254
APPRO,27.78,4.6457,220
AMENT,19.66,4.4755,170
ALONE,16.44,4.4534,195
KURUS,31.21,4.7250,260
FETES,24.59,4.6297,212
REPEG,30.43,4.6752,193
BURNT,26.23,4.4760,177
CRUDO,26.44,4.4864,177
TROMP,25.34,4.4487,133
SHARP,20.02,4.4322,168
TOFFY,41.92,4.7315,237
SHADE,17.12,4.4591,182
BREVE,36.26,4.7609,234
PEENS,23.48,4.5660,193
MUXED,35.59,4.6730,185
FIGGY,55.35,4.7588,260
SOWFF,40.07,4.7293,211
WIRED,23.22,4.5145,194
CIPPI,58.18,4.7557,229
JAGGS,35.18,4.8432,300
LOWRY,26.67,4.5704,222
CETYL,22.03,4.4729,176
BAYTS,20.32,4.5344,171
WOVEN,29.78,4.6427,197
BOUSY,25.79,4.6020,209
REXES,24.66,4.7696,294
CIDES,17.96,4.4604,166
WORTS,20.22,4.5184,169
AIOLI,23.56,4.6479,235
OTTER,22.28,4.6431,229
CUBBY,53.65,4.7462,239
SONNY,26.45,4.6864,249
DINKS,25.25,4.5435,165
AMUCK,34.32,4.6189,177
CURVY,35.28,4.6418,235
BLOND,28.68,4.4604,139
VOARS,18.12,4.5756,206
MORRA,26.60,4.6622,219
HOVEN,26.21,4.6124,207
STRIP,19.89,4.4106,145
SINGE,19.07,4.4916,185
NUMMY,48.56,4.7380,245
FILMS,26.24,4.5266,150
POULT,24.71,4.4279,152
YERBA,20.95,4.6154,223
SHITE,17.80,4.4673,200
HELOT,19.79,4.4422,189
CAIRN,19.33,4.4517,164
RENTS,15.67,4.4482,177
PRIME,21.60,4.4651,143
PESTS,24.14,4.5864,197
STRIM,19.53,4.4565,147
DRIER,24.85,4.6098,229
SWIZZ,45.15,4.8437,270
REIVE,28.29,4.7198,246
RETEM,24.97,4.6107,200
BRAST,18.28,4.4409,167
RESES,24.08,4.7796,296
EMOVE,36.24,4.7445,223
DREST,17.58,4.4153,178
DEARN,17.96,4.4716,182
VIZIR,52.86,4.8562,295
SUNNY,31.14,4.7285,262
SMASH,28.45,4.6323,217
ARUMS,18.61,4.5466,196
NINTH,36.21,4.6427,220
BOLAS,18.35,4.4833,166
EMEND,34.21,4.6397,166
STARE,14.16,4.4634,193
MANUL,23.55,4.5340,174
HAKUS,23.48,4.6388,224
FAGIN,29.54,4.5453,160
PROUL,23.19,4.4578,170
APAYS,26.72,4.6674,224
OASES,17.02,4.6488,267
TANKA,31.17,4.6773,208
ZAKAT,42.86,4.8428,268
WIKIS,39.17,4.7544,239
BAAED,26.52,4.6540,209
SLYER,16.12,4.5292,210
GLARE,18.01,4.4846,194
IMMEW,36.64,4.7549,220
WITED,24.50,4.5162,178
PROGS,21.98,4.4608,146
VENDU,31.00,4.6323,196
YDRED,29.52,4.7306,254
FLUTY,34.27,4.5483,196
SHEND,20.67,4.4552,168
ROPED,21.34,4.4660,155
BIFID,54.46,4.6657,192
COCOS,36.37,4.7848,251
SPARK,21.57,4.4716,172
WILDS,24.31,4.5249,169
GULLY,46.60,4.7120,255
MOTEL,19.28,4.4547,162
VRAIC,24.95,4.5552,199
BLUED,26.32,4.4591,160
HERYE,26.69,4.7280,273
KEEFS,31.87,4.7137,215
POOPY,55.82,4.8406,270
KETOL,20.52,4.5162,175
TAELS,14.67,4.4638,182
ELCHI,25.25,4.5058,177
GLAIK,26.55,4.5336,181
APPLE,24.98,4.6089,211
DEVOS,21.40,4.5496,189
AXONS,21.51,4.6223,227
JEONS,20.26,4.6068,221
ABIES,16.13,4.5084,194
LOBES,17.51,4.5076,182
SUJEE,28.23,4.8389,321
SPRUG,25.59,4.4924,160
GOUCH,35.72,4.5660,199
UNCUT,39.16,4.6293,215
SATES,17.11,4.6410,233
MELDS,19.48,4.4703,157
WEENS,25.45,4.6592,219
PLATT,28.13,4.5518,182
LOOTS,22.38,4.6236,218
SKYRS,30.88,4.7471,260
SCAUP,22.42,4.4872,165
GIRLY,25.12,4.5474,208
FAILS,19.51,4.4933,175
CRAGS,18.91,4.4881,170
ADYTA,32.15,4.7211,219
ABSEY,18.94,4.5920,215
PAWER,20.87,4.5206,163
BEWET,34.83,4.6544,186
CHOCK,51.03,4.6899,209
ZIFFS,45.72,4.8346,261
HOPES,19.11,4.4565,171
RAIDS,15.90,4.4764,176
WEALD,22.02,4.5089,176
RENAY,17.68,4.5505,223
BUMFS,36.07,4.5834,149
GURDY,34.00,4.5621,208
AZOIC,27.79,4.6236,198
MOUPS,25.87,4.5158,156
PACHA,38.90,4.6323,193
CONIN,32.95,4.6120,209
ACAIS,22.54,4.6358,227
KIMBO,36.26,4.6189,155
MBIRA,24.90,4.5448,153
AGOOD,33.60,4.6345,204
IRONE,17.40,4.4872,198
PULKA,29.99,4.5881,186
CEZVE,50.73,4.8502,255
JEWED,50.92,4.8398,251
LEUDS,19.45,4.4729,186
AROSE,0.01,5.0000,0
MOWED,28.36,4.5591,148
AROSE,0.01,5.0000,0
BANCS,20.67,4.4664,149
NOVEL,23.69,4.5782,203
NOOPS,28.58,4.5812,183
ADAYS,25.69,4.6834,221
ROBLE,19.94,4.4734,178
GIRTH,26.60,4.5032,186
RESTS,19.63,4.6232,232
FERES,23.69,4.6618,238
YEARS,15.24,4.5370,221
PHIAL,24.84,4.4461,166
PICCY,44.28,4.6596,198
ARSED,16.92,4.4513,182
ROTAN,18.43,4.4638,194
JASPE,21.53,4.6081,208
REBUY,25.61,4.6418,229
CHOOF,52.21,4.6709,192
OCEAN,19.77,4.5019,176
JANNS,30.43,4.7969,279
TORUS,19.27,4.5171,187
UNRIG,27.49,4.5868,201
WALED,21.59,4.4846,176
CREAK,21.15,4.5496,198
DINES,17.82,4.4647,178
FOLIA,24.58,4.5353,193
VIVAT,34.57,4.7259,245
CIMAR,22.55,4.4595,156
GETUP,28.70,4.4968,166
RABID,24.46,4.4764,165
NOISE,16.45,4.4747,179
SAULS,22.09,4.6605,243
SALTS,20.44,4.6003,217
WIRES,18.12,4.5370,207
DIRTS,18.98,4.4374,174
SAKAI,25.45,4.7458,248
BEAUS,17.90,4.5552,212
GRAMP,27.98,4.4989,123
TAKAS,25.91,4.6834,228
MORAE,17.25,4.4942,194
QUOAD,31.18,4.7029,234
BANES,16.45,4.4907,180
GENII,32.07,4.6960,223
ANTAE,21.95,4.6159,243
PAYOR,21.80,4.5106,196
SAYER,14.99,4.5479,229
GOEST,19.58,4.4608,185
SALPA,24.70,4.5981,202
SOLON,24.49,4.6236,209
WANDS,23.05,4.5180,164
SCALL,24.62,4.5946,205
BIERS,18.25,4.4803,197
PEECE,42.00,4.7514,227
WELKT,27.97,4.5535,183
IMMIT,52.92,4.8003,261
CORNS,18.82,4.4521,173
SNABS,25.98,4.6691,219
AMIGA,36.92,4.7016,207
TALAK,30.13,4.6561,227
SHEWS,32.31,4.7016,232
PARRA,37.73,4.7644,240
MESTO,19.37,4.4630,171
FUZEE,46.72,4.8744,270
TAIGA,28.65,4.6717,209
VILLI,61.45,4.8657,296
WHAMO,31.82,4.5842,189
SWING,29.29,4.5366,164
BAHUS,22.81,4.5639,186
BAKES,19.79,4.5557,191
REMIT,19.61,4.4790,186
PELLS,24.89,4.5847,202
REEFY,32.36,4.7722,261
AMBER,21.74,4.5197,176
TOGED,22.84,4.4812,160
PUDOR,27.11,4.4833,165
ROOST,22.39,4.5738,208
DURRY,38.63,4.6994,249
PORNS,19.14,4.4530,163
RANDS,17.00,4.4890,163
KELLY,34.72,4.7414,264
TONIC,24.26,4.4604,149
PUKKA,44.52,4.7744,237
GLAIR,20.28,4.4894,191
CORBY,28.67,4.5608,176
WEARS,16.61,4.5054,203
GRIPT,26.42,4.4500,149
GAUPS,23.06,4.5297,181
FUSKS,47.47,4.7653,244
UNARM,23.49,4.5583,185
SMITH,24.77,4.4838,173
APPUY,38.97,4.7527,246
UNKID,35.28,4.5981,203
ALIKE,19.36,4.5106,194
HAZEL,24.32,4.6206,224
DUNGY,40.75,4.5587,188
YONIS,19.92,4.5682,216
SKINK,33.55,4.7020,237
NOOKY,43.83,4.7934,265
LEHRS,16.99,4.5037,194
TABOR,20.32,4.4773,171
ONNED,29.43,4.6648,207
KRENG,27.26,4.6236,191
KIAAT,28.98,4.6860,230
METES,22.36,4.6059,204
SOUPS,29.96,4.6600,226
VIVES,27.15,4.7393,263
ARROW,29.59,4.7055,253
JOCKO,63.98,4.8692,268
JOURS,24.49,4.6786,242
SUDSY,34.13,4.7107,220
SPRUE,18.99,4.4933,180
KAPOK,35.19,4.7064,219
SHILY,23.07,4.5002,197
ZERDA,24.75,4.6769,225
HUNCH,48.76,4.6505,220
INGOT,26.94,4.4981,172
JOTUN,33.43,4.6830,233
MOILS,19.50,4.4660,171
XYSTI,30.96,4.7202,252
LEMUR,23.62,4.5422,203
LEISH,20.81,4.4591,193
WRUNG,35.95,4.5587,188
BLINS,23.01,4.4491,156
VUGHS,37.13,4.6375,186
ZEXES,38.82,4.9138,320
LIVED,27.41,4.5496,192
CERGE,29.19,4.6778,198
LADES,15.59,4.4573,184
WIELD,26.01,4.5154,182
PYXES,27.43,4.6618,232
LIENS,16.76,4.4591,193
EMMAS,23.53,4.6782,246
SHAWN,23.93,4.5327,184
ROATE,14.81,4.4669,209
ROTOR,37.05,4.7674,262
TEDDY,32.26,4.6605,211
TILTH,34.49,4.6154,215
SYCEE,24.92,4.6748,254
FRAPS,22.60,4.4955,159
PIPIT,51.50,4.7375,245
PUCKS,33.88,4.5539,147
WAFFS,35.34,4.7523,233
STUMS,33.40,4.6661,221
KRONE,20.34,4.5435,183
URSAE,15.98,4.5513,228
MUTES,19.83,4.4933,186
SKATS,27.20,4.6856,228
NOTER,18.15,4.4790,177
PARGE,20.44,4.4543,163
CHELP,28.90,4.4266,151
EPHOR,24.16,4.4781,174
STINT,26.23,4.5825,225
WRITS,20.88,4.4868,192
LEASE,18.13,4.5894,226
FUSEL,22.99,4.5210,200
SCRAB,20.23,4.5288,170
KAVAS,34.30,4.7934,272
QUINA,32.34,4.7510,258
MALLS,26.12,4.6423,225
MIKED,28.49,4.5743,156
SONES,20.66,4.6449,248
PARKI,25.72,4.5310,170
OSCAR,19.77,4.5171,180
ANGER,21.11,4.5154,196
OCHER,24.18,4.5136,190
LORIS,16.36,4.5058,185
DOSAI,19.51,4.5106,172
BISON,24.26,4.5032,175
MULLS,33.52,4.6423,203
LOADS,17.23,4.4456,176
UNCES,19.15,4.5180,192
BUNCH,40.69,4.5145,155
NAILS,16.75,4.4738,174
MYSID,28.54,4.5444,157
ELVEN,33.63,4.6843,235
MANNA,45.34,4.8211,258
CAMPY,35.01,4.5050,139
TENES,20.34,4.5604,199
ADUNC,27.96,4.5141,164
PIZED,32.57,4.6327,178
DUNCE,26.57,4.5028,160
RIOJA,23.59,4.6652,226
ALVAR,31.66,4.6890,236
ESSES,41.45,4.9485,351
STOWN,26.86,4.4803,160
LOOFS,31.11,4.6700,210
TAZZE,29.20,4.7718,275
BASED,18.79,4.4859,170
QUEUE,55.19,5.0139,367
HOSED,19.93,4.4825,183
TIRES,15.94,4.4669,194
RETRY,27.31,4.6903,250
YARNS,17.23,4.5440,199
VEINY,27.73,4.6431,223
PAOLO,26.73,4.5998,193
TRIPE,19.53,4.4184,154
YEVES,28.64,4.7618,285
TOLLY,31.64,4.6535,233
GARBE,21.34,4.5106,181
CLEPE,31.90,4.5310,178
OPINE,21.89,4.4400,171
MISSA,28.21,4.6743,207
GRYPT,30.62,4.4864,152
GLARY,23.74,4.5301,195
PROSE,18.15,4.4127,150
MUSCA,26.70,4.5362,175
WEKAS,22.18,4.6007,218
YUCKO,40.64,4.7033,234
FAFFS,41.29,4.8809,296
COTTA,29.92,4.6297,202
OUTER,20.07,4.5262,217
GOING,37.71,4.6635,207
PEKES,28.64,4.6665,195
TACES,15.26,4.4426,169
SCALE,16.26,4.4387,174
TILED,21.35,4.4482,173
DOGMA,29.76,4.5266,149
EGGAR,27.42,4.7285,256
DEIST,18.31,4.4166,167
MOLED,21.96,4.4794,167
TACTS,22.77,4.5981,194
BUMBO,49.57,4.7644,217
HOONS,27.37,4.6180,202
SONLY,19.63,4.5006,195
HARNS,17.03,4.4933,197
LEERY,24.54,4.6765,258
PECHS,23.43,4.4682,138
SPAIL,19.04,4.4071,154
DEOXY,30.28,4.6955,232
CAPON,23.64,4.4422,143
CLAST,18.32,4.3703,148
AMOVE,23.95,4.5851,189
SUSES,29.39,4.8571,340
ROJAK,28.03,4.7207,245
PUKEY,30.76,4.6362,203
BOMBE,33.12,4.7051,198
MUNGE,29.58,4.5513,169
MOZES,22.69,4.6349,206
NEBEK,37.29,4.7215,189
FAIKS,24.18,4.5886,192
CROZE,24.79,4.5929,205
KWELA,26.51,4.6189,195
DADAH,46.20,4.7774,257
APHIS,21.29,4.5006,164
ZORIS,20.69,4.6553,228
HODJA,33.14,4.6592,202
PILLS,27.94,4.5886,183
HEUGH,38.05,4.7397,237
CADGY,30.50,4.5678,161
ABAKA,56.78,4.8952,283
THYMY,48.88,4.7168,226
LOUIS,18.35,4.5717,203
REVIE,28.81,4.7293,252
SEWER,22.96,4.6812,246
GIFTS,27.57,4.4946,183
TAJES,18.16,4.6228,220
MOYAS,19.36,4.5600,191
YUMMY,71.58,4.9078,291
PRENT,20.61,4.4041,153
EMPTY,30.14,4.5409,165
GLAUR,22.16,4.5119,189
SEAMS,20.17,4.6262,237
REKEY,29.26,4.8008,276
BULKS,29.65,4.5552,176
WICKS,31.01,4.6033,168
CARPS,18.61,4.4331,162
VOLTE,22.33,4.5310,204
DELED,37.13,4.7653,249
GREGE,37.50,4.8324,283
BEAMY,24.42,4.5704,182
POXED,30.16,4.6206,173
AGUNA,36.65,4.7233,234
ALIYA,28.32,4.6947,245
MACAW,42.35,4.6942,183
ADDAX,63.57,4.9342,319
DOULA,22.68,4.5193,191
BIDIS,33.09,4.6518,192
HUSKS,41.60,4.7380,238
PALMS,21.19,4.4573,148
ESKAR,18.42,4.5812,219
HOPED,25.69,4.4859,144
FOODS,34.88,4.6665,192
LOGGY,41.15,4.7254,247
SWIES,24.12,4.6908,249
NASAL,22.56,4.6501,227
LEAFS,18.18,4.5115,198
BRUNG,35.04,4.5435,172
UNGUM,56.53,4.6964,197
ULZIE,26.00,4.7020,269
WEDEL,34.72,4.6340,203
DANCE,19.88,4.4456,158
FRACK,31.39,4.5652,179
AXIAL,34.81,4.7640,270
PHONO,40.89,4.6271,182
YRNEH,21.40,4.5552,198
ETAGE,24.62,4.6431,215
BHANG,32.69,4.5466,170
PANGS,22.53,4.4638,146
BLIST,22.10,4.4006,143
CIVIE,35.77,4.7371,233
BLADE,21.54,4.4439,160
FINNY,46.74,4.7172,224
CHILL,38.83,4.5938,204
OGIVE,28.59,4.5998,195
ROSTS,21.50,4.6172,223
CENTU,22.66,4.4981,179
ONERS,16.25,4.5015,194
LEVES,25.65,4.6947,249
BILGY,35.09,4.5686,187
MADLY,27.56,4.5071,153
WHIZZ,68.72,4.8359,254
GOOSY,33.06,4.7012,226
TWILT,36.32,4.6423,224
HYGGE,39.34,4.7557,253
CARLS,16.26,4.4582,174
WRICK,34.32,4.5548,179
CHUGS,31.17,4.5531,163
CLOZE,25.70,4.6081,206
CIVIC,69.54,4.8398,277
BAHTS,21.54,4.4881,163
BUFFO,54.07,4.7878,243
MOLAL,28.83,4.6371,212
ZESTY,24.63,4.6531,222
AJWAN,50.44,4.8536,278
LAYED,19.75,4.5011,195
FIERS,19.02,4.4976,205
BETON,22.14,4.4708,159
DYING,35.87,4.5375,154
LAMES,15.80,4.4816,194
SPIFF,38.30,4.6475,191
SIXTH,29.28,4.6258,225
APSIS,24.94,4.6228,213
BEAUX,27.74,4.7280,252
STROY,18.50,4.5063,202
VICHY,42.33,4.6652,208
FAINS,20.21,4.5136,181
CERNE,23.94,4.5994,198
DERRO,25.22,4.6475,224
MISER,17.59,4.4803,185
SCOWP,29.42,4.4781,128
KUZUS,52.43,4.9021,298
PULAO,23.62,4.5279,192
VIVID,71.06,4.8476,272
